"","V1","V2","V3","V4","V5","V6","V7","V8","V9","V10","V11","V12","V13","V14","V15","V16","V17","V18","V19","V20","V21","V22"
"1",349301,366766.05,385104.3525,404359.570125,424577.54863125,445806.426062813,468096.747365953,491501.584734251,516076.663970963,541880.497169512,568974.522027987,597423.248129387,627294.410535856,658659.131062649,691592.087615781,726171.69199657,762480.276596399,800604.290426219,840634.50494753,882666.230194906,926799.541704652,973139.518789884
"2",1804040.52,1894242.546,1988954.6733,2088402.406965,2192822.52731325,2302463.65367891,2417586.83636286,2538466.178181,2665389.48709005,2798658.96144455,2938591.90951678,3085521.50499262,3239797.58024225,3401787.45925437,3571876.83221708,3750470.67382794,3937994.20751934,4134893.9178953,4341638.61379007,4558720.54447957,4786656.57170355,5025989.40028873
"3",566773.16,595111.818,624867.4089,656110.779345,688916.31831225,723362.134227863,759530.240939256,797506.752986219,837382.09063553,879251.195167306,923213.754925672,969374.442671955,1017843.16480555,1068735.32304583,1122172.08919812,1178280.69365803,1237194.72834093,1299054.46475798,1364007.18799588,1432207.54739567,1503817.92476545,1579008.82100373
"4",186469.73,195793.2165,205582.877325,215862.02119125,226655.122250813,237987.878363353,249887.272281521,262381.635895597,275500.717690377,289275.753574896,303739.54125364,318926.518316322,334872.844232139,351616.486443746,369197.310765933,387657.176304229,407040.035119441,427392.036875413,448761.638719184,471199.720655143,494759.7066879,519497.692022295
"5",239226.41,251187.7305,263747.117025,276934.47287625,290781.196520063,305320.256346066,320586.269163369,336615.582621537,353446.361752614,371118.679840245,389674.613832257,409158.34452387,429616.261750064,451097.074837567,473651.928579445,497334.525008418,522201.251258839,548311.31382178,575726.87951287,604513.223488513,634738.884662939,666475.828896086
"6",193213.82,202874.511,213018.23655,223669.1483775,234852.605796375,246595.236086194,258924.997890504,271871.247785029,285464.81017428,299738.050682994,314724.953217144,330461.200878001,346984.260921901,364333.473967996,382550.147666396,401677.655049716,421761.537802202,442849.614692312,464992.095426927,488241.700198274,512653.785208187,538286.474468597
"7",157703.04,165588.192,173867.6016,182560.98168,191689.030764,201273.4823022,211337.15641731,221904.014238176,232999.214950084,244649.175697589,256881.634482468,269725.716206591,283212.002016921,297372.602117767,312241.232223655,327853.293834838,344245.95852658,361458.256452909,379531.169275555,398507.727739332,418433.114126299,439354.769832614
"8",999588.18,1049567.589,1102045.96845,1157148.2668725,1215005.68021613,1275755.96422693,1339543.76243828,1406520.95056019,1476846.9980882,1550689.34799261,1628223.81539224,1709635.00616186,1795116.75646995,1884872.59429345,1979116.22400812,2078072.03520852,2181975.63696895,2291074.4188174,2405628.13975827,2525909.54674618,2652205.02408349,2784815.27528766
"9",1434641.25,1506373.3125,1581691.978125,1660776.57703125,1743815.40588281,1831006.17617695,1922556.4849858,2018684.30923509,2119618.52469685,2225599.45093169,2336879.42347827,2453723.39465219,2576409.5643848,2705230.04260404,2840491.54473424,2982516.12197095,3131641.9280695,3288224.02447297,3452635.22569662,3625266.98698145,3806530.33633052,3996856.85314705
"10",108592.5,114022.125,119723.23125,125709.3928125,131994.862453125,138594.605575781,145524.33585457,152800.552647299,160440.580279664,168462.609293647,176885.739758329,185730.026746246,195016.528083558,204767.354487736,215005.722212123,225756.008322729,237043.808738865,248895.999175809,261340.799134599,274407.839091329,288128.231045896,302534.64259819
"11",-27,-28.35,-29.7675,-31.255875,-32.81866875,-34.4596021875,-36.182582296875,-37.9917114117188,-39.8912969823047,-41.8858618314199,-43.9801549229909,-46.1791626691405,-48.4881208025975,-50.9125268427274,-53.4581531848638,-56.131060844107,-58.9376138863123,-61.8844945806279,-64.9787193096593,-68.2276552751423,-71.6390380388994,-75.2209899408444
"12",48278,50691.9,53226.495,55887.81975,58682.2107375,61616.321274375,64697.1373380938,67931.9942049985,71328.5939152484,74895.0236110108,78639.7747915613,82571.7635311394,86700.3517076964,91035.3692930812,95587.1377577353,100366.494645622,105384.819377903,110654.060346798,116186.763364138,121996.101532345,128095.906608962,134500.701939411
"13",197885.39,207779.6595,218168.642475,229077.07459875,240530.928328688,252557.474745122,265185.348482378,278444.615906497,292366.846701822,306985.189036913,322334.448488759,338451.170913197,355373.729458856,373142.415931799,391799.536728389,411389.513564809,431958.989243049,453556.938705202,476234.785640462,500046.524922485,525048.851168609,551301.29372704
"14",4005,4205.25,4415.5125,4636.288125,4868.10253125,5111.5076578125,5367.08304070313,5635.43719273828,5917.2090523752,6213.06950499396,6523.72298024366,6849.90912925584,7192.40458571863,7552.02481500456,7929.62605575479,8326.10735854253,8742.41272646966,9179.53336279314,9638.5100309328,10120.4355324794,10626.4573091034,11157.7801745586
"15",207048.45,217400.8725,228270.916125,239684.46193125,251668.685027813,264252.119279203,277464.725243163,291337.961505322,305904.859580588,321200.102559617,337260.107687598,354123.113071978,371829.268725577,390420.732161856,409941.768769949,430438.857208446,451960.800068868,474558.840072312,498286.782075927,523201.121179724,549361.17723871,576829.236100645
"16",538211.33,565121.8965,593377.991325,623046.89089125,654199.235435813,686909.197207603,721254.657067983,757317.389921383,795183.259417452,834942.422388324,876689.543507741,920524.020683128,966550.221717284,1014877.73280315,1065621.61944331,1118902.70041547,1174847.83543624,1233590.22720806,1295269.73856846,1360033.22549688,1428034.88677173,1499436.63111031
"17",4768519.74,5006945.727,5257293.01335,5520157.6640175,5796165.54721838,6085973.8245793,6390272.51580826,6709786.14159868,7045275.44867861,7397539.22111254,7767416.18216817,8155786.99127658,8563576.34084041,8991755.15788243,9441342.91577655,9913410.06156538,10409080.5646436,10929534.5928758,11476011.3225196,12049811.8886456,12652302.4830779,13284917.6072318
"18",35740.18,37527.189,39403.54845,41373.7258725,43442.412166125,45614.5327744313,47895.2594131528,50290.0223838105,52804.523503001,55444.749678151,58216.9871620586,61127.8365201615,64184.2283461696,67393.4397634781,70763.111751652,74301.2673392346,78016.3307061964,81917.1472415062,86013.0046035815,90313.6548337606,94829.3375754486,99570.804454221
"19",345404.71,362674.9455,380808.692775,399849.12741375,419841.583784438,440833.662973659,462875.346122342,486019.11342846,510320.069099883,535836.072554877,562627.876182621,590759.269991752,620297.233491339,651312.095165906,683877.699924202,718071.584920412,753975.164166432,791673.922374754,831257.618493492,872820.499418166,916461.524389075,962284.600608529
"20",14885.87,15630.1635,16411.671675,17232.25525875,18093.8680216875,18998.5614227719,19948.4894939105,20945.913968606,21993.2096670363,23092.8701503881,24247.5136579075,25459.8893408029,26732.883807843,28069.5279982352,29473.004398147,30946.6546180543,32493.987348957,34118.6867164049,35824.6210522251,37615.8521048364,39496.6447100782,41471.4769455821
"21",259775.5,272764.275,286402.48875,300722.6131875,315758.743846875,331546.681039219,348124.01509118,365530.215845739,383806.726638026,402997.062969927,423146.916118423,444304.261924345,466519.475020562,489845.44877159,514337.721210169,540054.607270678,567057.337634212,595410.204515923,625180.714741719,656439.750478805,689261.738002745,723724.824902882
"22",173137.55,181794.4275,190884.148875,200428.35631875,210449.774134687,220972.262841422,232020.875983493,243621.919782668,255803.015771801,268593.166560391,282022.824888411,296123.966132831,310930.164439473,326476.672661447,342800.506294519,359940.531609245,377937.558189707,396834.436099192,416676.157904152,437509.96579936,459385.464089328,482354.737293794
"23",1275603.49,1339383.6645,1406352.847725,1476670.49011125,1550504.01461681,1628029.21534765,1709430.67611504,1794902.20992079,1884647.32041683,1978879.68643767,2077823.67075955,2181714.85429753,2290800.59701241,2405340.62686303,2525607.65820618,2651888.04111649,2784482.44317231,2923706.56533093,3069891.89359747,3223386.48827735,3384555.81269122,3553783.60332578
"24",-31,-32.55,-34.1775,-35.886375,-37.68069375,-39.5647284375,-41.542964859375,-43.6201131023438,-45.801118757461,-48.091174695334,-50.4957334301007,-53.0205201016058,-55.671546106686,-58.4551234120203,-61.3778795826214,-64.4467735617524,-67.6691122398401,-71.0525678518321,-74.6051962444237,-78.3354560566449,-82.2522288594771,-86.364840302451
"25",14891.73,15636.3165,16418.132325,17239.03894125,18100.9908883125,19006.0404327281,19956.3424543645,20954.1595770828,22001.8675559369,23101.9609337337,24257.0589804204,25469.9119294415,26743.4075259135,28080.5779022092,29484.6067973197,30958.8371371857,32506.778994045,34132.1179437472,35838.7238409346,37630.6600329813,39512.1930346304,41487.8026863619
"26",-4089.98,-4294.479,-4509.20295,-4734.6630975,-4971.396252375,-5219.96606499375,-5480.96436824344,-5755.01258665561,-6042.76321598839,-6344.90137678781,-6662.1464456272,-6995.25376790856,-7345.01645630399,-7712.26727911919,-8097.88064307515,-8502.77467522891,-8927.91340899035,-9374.30907943987,-9843.02453341186,-10335.1757600825,-10851.9345480866,-11394.5312754909
"27",82893.95,87038.6475,91390.579875,95960.10886875,100758.114312188,105796.020027797,111085.821029187,116640.112080646,122472.117684678,128595.723568912,135025.509747358,141776.785234726,148865.624496462,156308.905721285,164124.35100735,172330.568557717,180947.096985603,189994.451834883,199494.174426627,209468.883147959,219942.327305357,230939.443670624
"28",5565598.47,5843878.3935,6136072.313175,6442875.92883375,6765019.72527544,7103270.71153921,7458434.24711617,7831355.95947198,8222923.75744558,8634069.94531786,9065773.44258376,9519062.11471294,9995015.22044859,10494765.981471,11019504.2805446,11570479.4945718,12149003.4693004,12756453.6427654,13394276.3249037,14063990.1411489,14767189.6482063,15505549.1306166
"29",692483.74,727107.927,763463.32335,801636.4895175,841718.313993375,883804.229693044,927994.441177696,974394.163236581,1023113.87139841,1074269.56496833,1127983.04321675,1184382.19537758,1243601.30514646,1305781.37040379,1371070.43892398,1439623.96087018,1511605.15891368,1587185.41685937,1666544.68770234,1749871.92208745,1837365.51819183,1929233.79410142
"30",1111547.5,1167124.875,1225481.11875,1286755.1746875,1351092.93342188,1418647.58009297,1489579.95909762,1564058.9570525,1642261.90490512,1724375.00015038,1810593.7501579,1901123.43766579,1996179.60954908,2095988.59002654,2200788.01952786,2310827.42050426,2426368.79152947,2547687.23110594,2675071.59266124,2808825.1722943,2949266.43090902,3096729.75245447
"31",1174038.99,1232740.9395,1294377.986475,1359096.88579875,1427051.73008869,1498404.31659312,1573324.53242278,1651990.75904392,1734590.29699611,1821319.81184592,1912385.80243822,2008005.09256013,2108405.34718813,2213825.61454754,2324516.89527492,2440742.74003866,2562779.8770406,2690918.87089263,2825464.81443726,2966738.05515912,3115074.95791708,3270828.70581293
"32",283,297.15,312.0075,327.607875,343.98826875,361.1876821875,379.247066296875,398.209419611719,418.119890592305,439.02588512192,460.977179378016,484.026038346917,508.227340264263,533.638707277476,560.32064264135,588.336674773417,617.753508512088,648.641183937693,681.073243134577,715.126905291306,750.883250555872,788.427413083665
"33",-7527,-7903.35,-8298.5175,-8713.443375,-9149.11554375,-9606.5713209375,-10086.8998869844,-10591.2448813336,-11120.8071254003,-11676.8474816703,-12260.6898557538,-12873.7243485415,-13517.4105659686,-14193.281094267,-14902.9451489804,-15648.0924064294,-16430.4970267508,-17252.0218780884,-18114.6229719928,-19020.3541205924,-19971.3718266221,-20969.9404179532
"34",8247862.31,8660255.4255,9093268.196775,9547931.60661375,10025328.1869444,10526594.5962917,11052924.3261062,11605570.5424116,12185849.0695321,12795141.5230087,13434898.5991592,14106643.5291171,14811975.705573,15552574.4908517,16330203.2153942,17146713.3761639,18004049.0449721,18904251.4972208,19849464.0720818,20841937.2756859,21884034.1394702,22978235.8464437
"35",0,0,0,0,0,0,0,0,0,0,0,0,0,0,0,0,0,0,0,0,0,0
"36",47129.61,49486.0905,51960.395025,54558.41477625,57286.3355150625,60150.6522908156,63158.1849053564,66316.0941506242,69631.8988581555,73113.4938010632,76769.1684911164,80607.6269156722,84638.0082614558,88869.9086745286,93313.4041082551,97979.0743136678,102878.028029351,108021.929430819,113423.02590236,119094.177197478,125048.886057352,131301.330360219
"37",-12041.61,-12643.6905,-13275.875025,-13939.66877625,-14636.6522150625,-15368.4848258156,-16136.9090671064,-16943.7545204617,-17790.9422464848,-18680.4893588091,-19614.5138267495,-20595.239518087,-21625.0014939913,-22706.2515686909,-23841.5641471255,-25033.6423544817,-26285.3244722058,-27599.5906958161,-28979.5702306069,-30428.5487421373,-31949.9761792441,-33547.4749882063
"38",761777.01,799865.8605,839859.153525,881852.11120125,925944.716761313,972241.952599378,1020854.05022935,1071896.75274081,1125491.59037786,1181766.16989675,1240854.47839159,1302897.20231117,1368042.06242672,1436444.16554806,1508266.37382546,1583679.69251674,1662863.67714257,1746006.8609997,1833307.20404969,1924972.56425217,2021221.19246478,2122282.25208802
"39",13439,14110.95,14816.4975,15557.322375,16335.18849375,17151.9479184375,18009.5453143594,18910.0225800773,19855.5237090812,20848.2998945353,21890.714889262,22985.2506337251,24134.5131654114,25341.238823682,26608.3007648661,27938.7158031094,29335.6515932648,30802.4341729281,32342.5558815745,33959.6836756532,35657.6678594359,37440.5512524077
"40",3175.11,3333.8655,3500.558775,3675.58671375,3859.3660494375,4052.33435190938,4254.95106950484,4467.69862298009,4691.08355412909,4925.63773183555,5171.91961842732,5430.51559934869,5702.04137931612,5987.14344828193,6286.50062069603,6600.82565173083,6930.86693431737,7277.41028103324,7641.2807950849,8023.34483483915,8424.5120765811,8845.73768041016
"41",3122810.25,3278950.7625,3442898.300625,3615043.21565625,3795795.37643906,3985585.14526102,4184864.40252407,4394107.62265027,4613813.00378278,4844503.65397192,5086728.83667052,5341065.27850404,5608118.54242925,5888524.46955071,6182950.69302825,6492098.22767966,6816703.13906364,7157538.29601682,7515415.21081766,7891185.97135855,8285745.26992648,8700032.5334228
"42",1997867.16,2097760.518,2202648.5439,2312780.971095,2428420.01964975,2549841.02063224,2677333.07166385,2811199.72524704,2951759.71150939,3099347.69708486,3254315.08193911,3417030.83603606,3587882.37783787,3767276.49672976,3955640.32156625,4153422.33764456,4361093.45452679,4579148.12725313,4808105.53361578,5048510.81029657,5300936.3508114,5565983.16835197
"43",12902404.75,13547524.9875,14224901.236875,14936146.2987188,15682953.6136547,16467101.2943374,17290456.3590543,18154979.177007,19062728.1358574,20015864.5426502,21016657.7697827,22067490.6582719,23170865.1911855,24329408.4507448,25545878.873282,26823172.8169461,28164331.4577934,29572548.0306831,31051175.4322172,32603734.2038281,34233920.9140195,35945616.9597205
"44",4109439.1,4314911.055,4530656.60775,4757189.4381375,4995048.91004438,5244801.35554659,5507041.42332392,5782393.49449012,6071513.16921463,6375088.82767536,6693843.26905913,7028535.43251208,7379962.20413769,7748960.31434457,8136408.3300618,8543228.74656489,8970390.18389314,9418909.6930878,9889855.17774219,10384347.9366293,10903565.3334608,11448743.6001338
"45",943446.71,990619.0455,1040149.997775,1092157.49766375,1146765.37254694,1204103.64117428,1264308.823233,1327524.26439465,1393900.47761438,1463595.5014951,1536775.27656986,1613614.04039835,1694294.74241827,1779009.47953918,1867959.95351614,1961357.95119195,2059425.84875154,2162397.14118912,2270516.99824858,2384042.848161,2503244.99056906,2628407.24009751
"46",108983.03,114432.1815,120153.790575,126161.48010375,132469.554108938,139093.031814384,146047.683405104,153350.067575359,161017.570954127,169068.449501833,177521.871976925,186397.965575771,195717.86385456,205503.757047288,215778.944899652,226567.892144635,237896.286751866,249791.10108946,262280.656143933,275394.688951129,289164.423398686,303622.64456862
"47",210058.98,220561.929,231590.02545,243169.5267225,255328.003058625,268094.403211556,281499.123372134,295574.079540741,310352.783517778,325870.422693667,342163.94382835,359272.141019768,377235.748070756,396097.535474294,415902.412248009,436697.532860409,458532.40950343,481459.029978601,505531.981477531,530808.580551408,557349.009578978,585216.460057927
"48",111921,117517.05,123392.9025,129562.547625,136040.67500625,142842.708756563,149984.844194391,157484.08640411,165358.290724316,173626.205260532,182307.515523558,191422.891299736,200994.035864723,211043.737657959,221595.924540857,232675.7207679,244309.506806295,256524.98214661,269351.23125394,282818.792816637,296959.732457469,311807.719080342
"49",982636.4,1031768.22,1083356.631,1137524.46255,1194400.6856775,1254120.71996138,1316826.75595944,1382668.09375742,1451801.49844529,1524391.57336755,1600611.15203593,1680641.70963773,1764673.79511961,1852907.48487559,1945552.85911937,2042830.50207534,2144972.02717911,2252220.62853806,2364831.65996497,2483073.24296322,2607226.90511138,2737588.25036695
"50",318445.38,334367.649,351086.03145,368640.3330225,387072.349673625,406425.967157306,426747.265515172,448084.62879093,470488.860230477,494013.303242001,518713.968404101,544649.666824306,571882.150165521,600476.257673797,630500.070557487,662025.074085362,695126.32778963,729882.644179111,766376.776388067,804695.61520747,844930.395967844,887176.915766236
"51",132573.24,139201.902,146161.9971,153470.096955,161143.60180275,169200.781892888,177660.820987532,186543.862036909,195871.055138754,205664.607895692,215947.838290476,226745.230205,238082.49171525,249986.616301013,262485.947116063,275610.244471866,289390.75669546,303860.294530233,319053.309256744,335005.974719582,351756.273455561,369344.087128339
"52",69791.31,73280.8755,76944.919275,80792.16523875,84831.7735006875,89073.3621757219,93527.030284508,98203.3817987334,103113.55088867,108269.228433104,113682.689854759,119366.824347497,125335.165564872,131601.923843115,138182.020035271,145091.121037034,152345.677088886,159962.96094333,167961.108990497,176359.164440022,185177.122662023,194435.978795124
"53",176993.67,185843.3535,195135.521175,204892.29723375,215136.912095438,225893.757700209,237188.44558522,249047.867864481,261500.261257705,274575.27432059,288304.03803662,302719.239938451,317855.201935373,333747.962032142,350435.360133749,367957.128140437,386354.984547458,405672.733774831,425956.370463573,447254.188986752,469616.898436089,493097.743357894
"54",-71486.45,-75060.7725,-78813.811125,-82754.50168125,-86892.2267653125,-91236.8381035781,-95798.6800087571,-100588.614009195,-105618.044709655,-110898.946945137,-116443.894292394,-122266.089007014,-128379.393457365,-134798.363130233,-141538.281286745,-148615.195351082,-156045.955118636,-163848.252874568,-172040.665518296,-180642.698794211,-189674.833733921,-199158.575420618
"55",-5,-5.25,-5.5125,-5.788125,-6.07753125,-6.3814078125,-6.700478203125,-7.03550211328125,-7.38727721894532,-7.75664107989258,-8.14447313388721,-8.55169679058157,-8.97928163011065,-9.42824571161618,-9.89965799719699,-10.3946408970568,-10.9143729419097,-11.4600915890052,-12.0330961684554,-12.6347509768782,-13.2664885257221,-13.9298129520082
"56",1418.89,1489.8345,1564.326225,1642.54253625,1724.6696630625,1810.90314621563,1901.44830352641,1996.52071870273,2096.34675463786,2201.16409236976,2311.22229698825,2426.78341183766,2548.12258242954,2675.52871155102,2809.30514712857,2949.770404485,3097.25892470925,3252.12187094471,3414.72796449194,3585.46436271654,3764.73758085237,3952.97445989499
"57",154,161.7,169.785,178.27425,187.1879625,196.547360625,206.37472865625,216.693465089063,227.528138343516,238.904545260691,250.849772523726,263.392261149912,276.561874207408,290.389967917778,304.909466313667,320.154939629351,336.162686610818,352.970820941359,370.619361988427,389.150330087849,408.607846592241,429.038238921853
"58",143115.78,150271.569,157785.14745,165674.4048225,173958.125063625,182656.031316806,191788.832882647,201378.274526779,211447.188253118,222019.547665774,233120.525049062,244776.551301516,257015.378866591,269866.147809921,283359.455200417,297527.427960438,312403.79935846,328023.989326383,344425.188792702,361646.448232337,379728.770643954,398715.209176152
"59",-13659,-14341.95,-15059.0475,-15811.999875,-16602.59986875,-17432.7298621875,-18304.3663552969,-19219.5846730617,-20180.5639067148,-21189.5921020506,-22249.0717071531,-23361.5252925107,-24529.6015571363,-25756.0816349931,-27043.8857167427,-28396.0800025799,-29815.8840027089,-31306.6782028443,-32872.0121129866,-34515.6127186359,-36241.3933545677,-38053.4630222961
"60",75044.26,78796.473,82736.29665,86873.1114825,91216.767056625,95777.6054094563,100566.485679929,105594.809963926,110874.550462122,116418.277985228,122239.191884489,128351.151478714,134768.70905265,141507.144505282,148582.501730546,156011.626817073,163812.208157927,172002.818565823,180602.959494115,189633.10746882,199114.762842261,209070.500984374
"61",45528,47804.4,50194.62,52704.351,55339.56855,58106.5469775,61011.874326375,64062.4680426938,67265.5914448285,70628.8710170699,74160.3145679234,77868.3302963196,81761.7468111355,85849.8341516923,90142.3258592769,94649.4421522408,99381.9142598528,104351.009972845,109568.560471488,115046.988495062,120799.337919815,126839.304815806
"62",5023.52,5274.696,5538.4308,5815.35234,6106.119957,6411.42595485,6731.9972525925,7068.59711522213,7422.02697098323,7793.1283195324,8182.78473550902,8591.92397228447,9021.52017089869,9472.59617944362,9946.22598841581,10443.5372878366,10965.7141522284,11513.9998598399,12089.6998528318,12694.1848454734,13328.8940877471,13995.3387921345
"63",104611.55,109842.1275,115334.233875,121100.94556875,127155.992847188,133513.792489547,140189.482114024,147198.956219725,154558.904030712,162286.849232247,170401.19169386,178921.251278553,187867.31384248,197260.679534604,207123.713511335,217479.899186901,228353.894146246,239771.588853559,251760.168296237,264348.176711049,277565.585546601,291443.864823931
"64",1098876.99,1153820.8395,1211511.881475,1272087.47554875,1335691.84932619,1402476.4417925,1472600.26388212,1546230.27707623,1623541.79093004,1704718.88047654,1789954.82450037,1879452.56572539,1973425.19401166,2072096.45371224,2175701.27639785,2284486.34021774,2398710.65722863,2518646.19009006,2644578.49959457,2776807.4245743,2915647.79580301,3061430.18559316
"65",180471.17,189494.7285,198969.464925,208917.93817125,219363.835079813,230332.026833803,241848.628175493,253941.059584268,266638.112563481,279970.018191656,293968.519101238,308666.9450563,324100.292309115,340305.306924571,357320.5722708,375186.60088434,393945.930928557,413643.227474984,434325.388848734,456041.65829117,478843.741205729,502785.928266015
"66",591869.44,621462.912,652536.0576,685162.86048,719421.003504,755392.0536792,793161.65636316,832819.739181318,874460.726140384,918183.762447403,964092.950569773,1012297.59809826,1062912.47800318,1116058.10190333,1171861.0069985,1230454.05734843,1291976.76021585,1356575.59822664,1424404.37813797,1495624.59704487,1570405.82689711,1648926.11824197
"67",215107.93,225863.3265,237156.492825,249014.31746625,261465.033339563,274538.285006541,288265.199256868,302678.459219711,317812.382180697,333703.001289731,350388.151354218,367907.558921929,386302.936868025,405618.083711427,425898.987896998,447193.937291848,469553.634156441,493031.315864263,517682.881657476,543567.025740349,570745.377027367,599282.645878735
"68",5044.8,5297.04,5561.892,5839.9866,6131.98593,6438.5852265,6760.514487825,7098.54021221625,7453.46722282706,7826.14058396842,8217.44761316684,8628.31999382518,9059.73599351644,9512.72279319226,9988.35893285187,10487.7768794945,11012.1657234692,11562.7740096427,12140.9127101248,12747.958345631,13385.3562629126,14054.6240760582
"69",47029.86,49381.353,51850.42065,54442.9416825,57165.088766625,60023.3432049563,63024.5103652041,66175.7358834643,69484.5226776375,72958.7488115194,76606.6862520954,80437.0205647001,84458.8715929351,88681.8151725819,93115.905931211,97771.7012277715,102660.28628916,107793.300603618,113182.965633799,118842.113915489,124784.219611263,131023.430591827
"70",0.399999999994179,0.419999999993888,0.440999999993583,0.463049999993262,0.486202499992925,0.510512624992571,0.5360382562422,0.56284016905431,0.590982177507025,0.620531286382377,0.651557850701496,0.68413574323657,0.718342530398399,0.754259656918319,0.791972639764235,0.831571271752447,0.873149835340069,0.916807327107072,0.962647693462426,1.01078007813555,1.06131908204233,1.11438503614444
"71",1349833.39,1417325.0595,1488191.312475,1562600.87809875,1640730.92200369,1722767.46810387,1808905.84150907,1899351.13358452,1994318.69026375,2094034.62477693,2198736.35601578,2308673.17381657,2424106.8325074,2545312.17413277,2672577.78283941,2806206.67198138,2946517.00558045,3093842.85585947,3248534.99865244,3410961.74858506,3581509.83601432,3760585.32781503
"72",48793.37,51233.0385,53794.690425,56484.42494625,59308.6461935625,62274.0785032406,65387.7824284027,68657.1715498228,72090.030127314,75694.5316336797,79479.2582153637,83453.2211261318,87625.8821824384,92007.1762915604,96607.5351061384,101437.911861445,106509.807454518,111835.297827243,117427.062718606,123298.415854536,129463.336647263,135936.503479626
"73",-2010,-2110.5,-2216.025,-2326.82625,-2443.1675625,-2565.325940625,-2693.59223765625,-2828.27184953906,-2969.68544201602,-3118.16971411682,-3274.07819982266,-3437.78210981379,-3609.67121530448,-3790.15477606971,-3979.66251487319,-4178.64564061685,-4387.57792264769,-4606.95681878008,-4837.30465971908,-5079.16989270504,-5333.12838734029,-5599.78480670731
"74",2896848.71,3041691.1455,3193775.702775,3353464.48791375,3521137.71230944,3697194.59792491,3882054.32782116,4076157.04421221,4279964.89642282,4493963.14124397,4718661.29830617,4954594.36322147,5202324.08138255,5462440.28545167,5735562.29972426,6022340.41471047,6323457.435446,6639630.3072183,6971611.82257921,7320192.41370817,7686202.03439358,8070512.13611326
"75",376322.36,395138.478,414895.4019,435640.171995,457422.18059475,480293.289624488,504307.954105712,529523.351810998,555999.519401547,583799.495371625,612989.470140206,643638.943647217,675820.890829577,709611.935371056,745092.532139609,782347.158746589,821464.516683919,862537.742518115,905664.629644021,950947.861126222,998495.254182533,1048420.01689166
"76",-9990.87,-10490.4135,-11014.934175,-11565.68088375,-12143.9649279375,-12751.1631743344,-13388.7213330511,-14058.1573997037,-14761.0652696888,-15499.1185331733,-16274.0744598319,-17087.7781828235,-17942.1670919647,-18839.275446563,-19781.2392188911,-20770.3011798357,-21808.8162388274,-22899.2570507688,-24044.2199033073,-25246.4308984726,-26508.7524433963,-27834.1900655661
"77",32829.44,34470.912,36194.4576,38004.18048,39904.389504,41899.6089792,43994.58942816,46194.318899568,48504.0348445464,50929.2365867737,53475.6984161124,56149.483336918,58956.957503764,61904.8053789522,65000.0456478998,68250.0479302947,71662.5503268095,75245.67784315,79007.9617353075,82958.3598220728,87106.2778131765,91461.5917038353
"78",-12483.33,-13107.4965,-13762.871325,-14451.01489125,-15173.5656358125,-15932.2439176031,-16728.8561134833,-17565.2989191574,-18443.5638651153,-19365.7420583711,-20334.0291612896,-21350.7306193541,-22418.2671503218,-23539.1805078379,-24716.1395332298,-25951.9465098913,-27249.5438353859,-28612.0210271552,-30042.6220785129,-31544.7531824386,-33121.9908415605,-34778.0903836385
"79",74804.01,78544.2105,82471.421025,86594.99207625,90924.7416800625,95470.9787640657,100244.527702269,105256.754087382,110519.591791752,116045.571381339,121847.849950406,127940.242447926,134337.254570323,141054.117298839,148106.823163781,155512.16432197,163287.772538068,171452.161164972,180024.76922322,189026.007684381,198477.3080686,208401.17347203
"80",9255.86,9718.653,10204.58565,10714.8149325,11250.555679125,11813.0834630813,12403.7376362353,13023.9245180471,13675.1207439494,14358.8767811469,15076.8206202043,15830.6616512145,16622.1947337752,17453.304470464,18325.9696939872,19242.2681786865,20204.3815876208,21214.6006670019,22275.330700352,23389.0972353696,24558.5520971381,25786.479701995
"81",246606.41,258936.7305,271883.567025,285477.74537625,299751.632645063,314739.214277316,330476.174991181,346999.983740741,364349.982927778,382567.482074167,401695.856177875,421780.648986769,442869.681436107,465013.165507913,488263.823783308,512677.014972474,538310.865721097,565226.409007152,593487.72945751,623162.115930385,654320.221726905,687036.23281325
"82",271.4,284.97,299.2185,314.179425,329.88839625,346.3828160625,363.701956865625,381.887054708906,400.981407444352,421.030477816569,442.082001707398,464.186101792768,487.395406882406,511.765177226526,537.353436087853,564.221107892246,592.432163286858,622.053771451201,653.156460023761,685.814283024949,720.104997176196,756.110247035006
"83",1515.18,1590.939,1670.48595,1754.0102475,1841.710759875,1933.79629786875,2030.48611276219,2132.0104184003,2238.61093932031,2350.54148628633,2468.06856060065,2591.47198863068,2721.04558806221,2857.09786746532,2999.95276083859,3149.95039888052,3307.44791882454,3472.82031476577,3646.46133050406,3828.78439702926,4020.22361688073,4221.23479772476
"84",122321.01,128437.0605,134858.913525,141601.85920125,148681.952161313,156116.049769378,163921.852257847,172117.944870739,180723.842114276,189760.03421999,199248.03593099,209210.437727539,219670.959613916,230654.507594612,242187.232974343,254296.59462306,267011.424354213,280361.995571923,294380.09535052,309099.100118046,324554.055123948,340781.757880145
"85",1254876,1317619.8,1383500.79,1452675.8295,1525309.620975,1601575.10202375,1681653.85712494,1765736.54998118,1854023.37748024,1946724.54635426,2044060.77367197,2146263.81235557,2253577.00297335,2366255.85312201,2484568.64577811,2608797.07806702,2739236.93197037,2876198.77856889,3020008.71749733,3171009.1533722,3329559.61104081,3496037.59159285
"86",140368,147386.4,154755.72,162493.506,170618.1813,179149.090365,188106.54488325,197511.872127413,207387.465733783,217756.839020472,228644.680971496,240076.915020071,252080.760771074,264684.798809628,277919.038750109,291814.990687615,306405.740221996,321726.027233095,337812.32859475,354702.945024488,372438.092275712,391059.996889498
"87",8098198,8503107.9,8928263.295,9374676.45975,9843410.2827375,10335580.7968744,10852359.8367181,11394977.828554,11964726.7199817,12562963.0559808,13191111.2087798,13850666.7692188,14543200.1076798,15270360.1130638,16033878.1187169,16835572.0246528,17677350.6258854,18561218.1571797,19489279.0650387,20463743.0182906,21486930.1692052,22561276.6776654
"88",160649,168681.45,177115.5225,185971.298625,195269.86355625,205033.356734063,215285.024570766,226049.275799304,237351.739589269,249219.326568733,261680.292897169,274764.307542028,288502.522919129,302927.649065086,318074.03151834,333977.733094257,350676.61974897,368210.450736418,386620.973273239,405952.021936901,426249.623033746,447562.104185434
"89",5843556,6135733.8,6442520.49,6764646.5145,7102878.840225,7458022.78223625,7830923.92134806,8222470.11741547,8633593.62328624,9065273.30445055,9518536.96967308,9994463.81815674,10494187.0090646,11018896.3595178,11569841.1774937,12148333.2363684,12755749.8981868,13393537.3930961,14063214.2627509,14766374.9758885,15504693.7246829,16279928.4109171
"90",314629,330360.45,346878.4725,364222.396125,382433.51593125,401555.191727813,421632.951314203,442714.598879913,464850.328823909,488092.845265105,512497.48752836,538122.361904778,565028.480000017,593279.904000018,622943.899200019,654091.09416002,686795.648868021,721135.431311422,757192.202876993,795051.813020842,834804.403671884,876544.623855479
"91",917187,963046.35,1011198.6675,1061758.600875,1114846.53091875,1170588.85746469,1229118.30033792,1290574.21535482,1355102.92612256,1422858.07242869,1494000.97605012,1568701.02485263,1647136.07609526,1729492.87990002,1815967.52389502,1906765.90008977,2002104.19509426,2102209.40484898,2207319.87509143,2317685.868846,2433570.1622883,2555248.67040271
"92",11005393.05,11555662.7025,12133445.837625,12740118.1295063,13377124.0359816,14045980.2377806,14748279.2496697,15485693.2121532,16259977.8727608,17072976.7663989,17926625.6047188,18822956.8849547,19764104.7292025,20752309.9656626,21789925.4639457,22879421.737143,24023392.8240002,25224562.4652002,26485790.5884602,27810080.1178832,29200584.1237774,30660613.3299662
"93",119335,125301.75,131566.8375,138145.179375,145052.43834375,152305.060260938,159920.313273984,167916.328937684,176312.145384568,185127.752653796,194384.140286486,204103.34730081,214308.514665851,225023.940399143,236275.137419101,248088.894290056,260493.339004558,273518.005954786,287193.906252526,301553.601565152,316631.28164341,332462.84572558
"94",2712672.41,2848306.0305,2990721.332025,3140257.39862625,3297270.26855756,3462133.78198544,3635240.47108471,3817002.49463895,4007852.6193709,4208245.25033944,4418657.51285641,4639590.38849924,4871569.9079242,5115148.40332041,5370905.82348643,5639451.11466075,5921423.67039379,6217494.85391348,6528369.59660915,6854788.07643961,7197527.48026159,7557403.85427467
"95",148461.01,155884.0605,163678.263525,171862.17670125,180455.285536313,189478.049813128,198951.952303785,208899.549918974,219344.527414923,230311.753785669,241827.341474952,253918.7085487,266614.643976135,279945.376174941,293942.644983689,308639.777232873,324071.766094517,340275.354399242,357289.122119205,375153.578225165,393911.257136423,413606.819993244
"96",3898520.18,4093446.189,4298118.49845,4513024.4233725,4738675.64454113,4975609.42676818,5224389.89810659,5485609.39301192,5759889.86266252,6047884.35579564,6350278.57358542,6667792.5022647,7001182.12737793,7351241.23374683,7718803.29543417,8104743.46020588,8509980.63321617,8935479.66487698,9382253.64812083,9851366.33052687,10343934.6470532,10861131.3794059
"97",886017.54,930318.417,976834.33785,1025676.0547425,1076959.85747963,1130807.85035361,1187348.24287129,1246715.65501485,1309051.43776559,1374504.00965387,1443229.21013657,1515390.6706434,1591160.20417557,1670718.21438434,1754254.12510356,1841966.83135874,1934065.17292668,2030768.43157301,2132306.85315166,2238922.19580924,2350868.30559971,2468411.72087969
"98",1063668.84,1116852.282,1172694.8961,1231329.640905,1292896.12295025,1357540.92909776,1425417.97555265,1496688.87433028,1571523.3180468,1650099.48394914,1732604.45814659,1819234.68105392,1910196.41510662,2005706.23586195,2105991.54765505,2211291.1250378,2321855.68128969,2437948.46535418,2559845.88862189,2687838.18305298,2822230.09220563,2963341.59681591
"99",237648.73,249531.1665,262007.724825,275108.11106625,288863.516619563,303306.692450541,318472.027073068,334395.628426721,351115.409848057,368671.18034046,387104.739357483,406459.976325357,426782.975141625,448122.123898707,470528.230093642,494054.641598324,518757.37367824,544695.242362152,571930.00448026,600526.504704273,630552.829939486,662080.471436461
"100",830575.71,872104.4955,915709.720275,961495.20628875,1009569.96660319,1060048.46493335,1113050.88818001,1168703.43258902,1227138.60421847,1288495.53442939,1352920.31115086,1420566.3267084,1491594.64304382,1566174.37519601,1644483.09395581,1726707.2486536,1813042.61108628,1903694.7416406,1998879.47872263,2098823.45265876,2203764.6252917,2313952.85655628
"101",1296621.87,1361452.9635,1429525.611675,1501001.89225875,1576051.98687169,1654854.58621527,1737597.31552604,1824477.18130234,1915701.04036745,2011486.09238583,2112060.39700512,2217663.41685537,2328546.58769814,2444973.91708305,2567222.6129372,2695583.74358406,2830362.93076327,2971881.07730143,3120475.1311665,3276498.88772483,3440323.83211107,3612340.02371662
"102",286492.27,300816.8835,315857.727675,331650.61405875,348233.144761688,365644.801999772,383927.042099761,403123.394204749,423279.563914986,444443.542110736,466665.719216272,489999.005177086,514498.95543594,540223.903207737,567235.098368124,595596.85328653,625376.695950857,656645.5307484,689477.80728582,723951.697650111,760149.282532617,798156.746659247
"103",58969.81,61918.3005,65014.215525,68264.92630125,71678.1726163125,75262.0812471281,79025.1853094845,82976.4445749588,87125.2668037067,91481.530143892,96055.6066510867,100858.386983641,105901.306332823,111196.371649464,116756.190231937,122593.999743534,128723.699730711,135159.884717247,141917.878953109,149013.772900764,156464.461545803,164287.684623093
"104",1821725,1912811.25,2008451.8125,2108874.403125,2214318.12328125,2325034.02944531,2441285.73091758,2563350.01746346,2691517.51833663,2826093.39425346,2967398.06396614,3115767.96716444,3271556.36552266,3435134.1837988,3606890.89298874,3787235.43763818,3976597.20952008,4175427.06999609,4384198.42349589,4603408.34467069,4833578.76190422,5075257.69999944
"105",111283.16,116847.318,122689.6839,128824.168095,135265.37649975,142028.645324738,149130.077590974,156586.581470523,164415.910544049,172636.706071252,181268.541374814,190331.968443555,199848.566865733,209840.99520902,220333.044969471,231349.697217944,242917.182078841,255063.041182783,267816.193241923,281207.002904019,295267.35304922,310030.720701681
"106",21479370,22553338.5,23681005.425,24865055.69625,26108308.4810625,27413723.9051156,28784410.1003714,30223630.60539,31734812.1356595,33321552.7424425,34987630.3795646,36737011.8985428,38573862.49347,40502555.6181435,42527683.3990506,44654067.5690032,46886770.9474533,49231109.494826,51692664.9695673,54277298.2180457,56991163.128948,59840721.2853954
"107",322699.15,338834.1075,355775.812875,373564.60351875,392242.833694688,411854.975379422,432447.724148393,454070.110355813,476773.615873603,500612.296667284,525642.911500648,551925.05707568,579521.309929464,608497.375425937,638922.244197234,670868.356407096,704411.774227451,739632.362938824,776613.981085765,815444.680140053,856216.914147056,899027.759854408
"108",240816,252856.8,265499.64,278774.622,292713.3531,307349.020755,322716.47179275,338852.295382388,355794.910151507,373584.655659082,392263.888442036,411877.082864138,432470.937007345,454094.483857713,476799.208050598,500639.168453128,525671.126875784,551954.683219574,579552.417380552,608530.03824958,638956.540162059,670904.367170162
"109",14837,15578.85,16357.7925,17175.682125,18034.46623125,18936.1895428125,19882.9990199531,20877.1489709508,21921.0064194983,23017.0567404732,24167.9095774969,25376.3050563718,26645.1203091903,27977.3763246499,29376.2451408824,30845.0573979265,32387.3102678228,34006.6757812139,35707.0095702746,37492.3600487884,39366.9780512278,41335.3269537892
"110",110523.5,116049.675,121852.15875,127944.7666875,134342.005021875,141059.105272969,148112.060536617,155517.663563448,163293.546741621,171458.224078702,180031.135282637,189032.692046768,198484.326649107,208408.542981562,218828.97013064,229770.418637172,241258.939569031,253321.886547483,265987.980874857,279287.3799186,293251.74891453,307914.336360256
"111",219487.35,230461.7175,241984.803375,254084.04354375,266788.245720938,280127.658006984,294134.040907334,308840.7429527,324282.780100335,340496.919105352,357521.76506062,375397.853313651,394167.745979333,413876.1332783,434569.939942215,456298.436939326,479113.358786292,503069.026725607,528222.478061887,554633.601964981,582365.282063231,611483.546166392
"112",0,0,0,0,0,0,0,0,0,0,0,0,0,0,0,0,0,0,0,0,0,0
